gossip_load_thresh=[0,1,2,4,8,16,32,64,128,]
gossip_ratio=[0.33734433316037016,0.33646697172725437,0.16902951585792989,0.03203620280291861,0.00100382035067115,2.8750017968761232e-05,8.819449956600667e-06,8.958342042832542e-06,8.680561583723323e-06,]